# node indices of element vertices
28 21 29
21 15 22
15 10 16
10 6 11
6 3 7
3 1 4
1 0 4
28 29 36
21 22 29
15 16 22
10 11 16
6 7 11
3 4 7
0 2 4
36 29 37
29 22 30
22 16 23
16 11 17
11 7 12
7 4 8
4 2 5
36 37 43
29 30 37
22 23 30
16 17 23
11 12 17
7 8 12
4 5 8
43 37 44
37 30 38
30 23 31
23 17 24
17 12 18
12 8 13
8 5 9
43 44 49
37 38 44
30 31 38
23 24 31
17 18 24
12 13 18
8 9 13
49 44 50
44 38 45
38 31 39
31 24 32
24 18 25
18 13 19
13 9 14
49 50 54
44 45 50
38 39 45
31 32 39
24 25 32
18 19 25
13 14 19
54 50 55
50 45 51
45 39 46
39 32 40
32 25 33
25 19 26
19 14 20
54 55 58
50 51 55
45 46 51
39 40 46
32 33 40
25 26 33
19 20 26
58 55 59
55 51 56
51 46 52
46 40 47
40 33 41
33 26 34
26 20 27
58 59 61
55 56 59
51 52 56
46 47 52
40 41 47
33 34 41
26 27 34
59 62 63
59 62 63
59 56 60
56 52 57
52 47 53
47 41 48
41 34 42
34 27 35
61 59 63
59 60 62
56 57 60
52 53 57
47 48 53
41 42 48
34 35 42
