# x and y coordinates of node
0 0
0 1.43
1.43 0
0 2.86
1.43 1.43
2.86 0
0 4.29
1.43 2.86
2.86 1.43
4.29 0
0 5.71
1.43 4.29
2.86 2.86
4.29 1.43
5.71 0
0 7.14
1.43 5.71
2.86 4.29
4.29 2.86
5.71 1.43
7.14 0
0 8.57
1.43 7.14
2.86 5.71
4.29 4.29
5.71 2.86
7.14 1.43
8.57 0
0 10
1.43 8.57
2.86 7.14
4.29 5.71
5.71 4.29
7.14 2.86
8.57 1.43
10 0
1.43 10
2.86 8.57
4.29 7.14
5.71 5.71
7.14 4.29
8.57 2.86
10 1.43
2.86 10
4.29 8.57
5.71 7.14
7.14 5.71
8.57 4.29
10 2.86
4.29 10
5.71 8.57
7.14 7.14
8.57 5.71
10 4.29
5.71 10
7.14 8.57
8.57 7.14
10 5.71
7.14 10
8.57 8.57
10 7.14
8.57 10
10 8.57
10 10
