# node indices of element vertices
109 110 104
110 111 105
111 112 106
112 113 107
113 114 107
109 104 103
110 105 104
111 106 105
112 107 106
107 114 108
103 104 98
104 105 99
105 106 100
106 107 101
107 108 102
103 98 97
104 99 98
105 100 99
106 101 100
107 102 101
97 98 92
98 99 93
99 100 94
100 101 95
101 102 96
97 92 91
98 93 92
99 94 93
100 95 94
101 96 95
91 92 83
92 93 84
93 94 85
94 95 86
95 96 87
91 83 82
92 84 83
93 85 84
94 86 85
95 87 86
82 83 73
83 84 74
84 85 75
85 86 76
86 87 77
87 79 77
73 74 63
74 75 64
86 77 76
83 74 73
84 75 74
85 76 75
75 76 65
76 77 66
77 79 68
74 64 63
75 65 64
76 66 65
77 68 66
79 70 68
63 64 52
64 65 53
65 66 54
66 68 56
68 70 58
64 53 52
65 54 53
66 56 54
68 58 56
70 60 58
52 53 41
53 54 43
54 56 45
56 58 47
58 60 49
52 41 40
53 43 41
54 45 43
56 47 45
58 49 47
40 41 30
41 43 31
43 45 33
45 47 35
47 49 37
40 30 42
41 31 30
43 33 31
45 35 33
47 37 35
42 30 32
30 31 22
31 33 23
33 35 25
35 37 27
42 32 44
30 22 32
31 23 22
33 25 23
35 27 25
44 32 34
32 22 24
22 23 12
23 25 13
25 27 15
32 24 34
22 12 24
23 13 12
25 15 13
27 17 15
34 24 26
24 12 14
12 13 5
13 15 6
15 17 8
24 14 26
12 5 14
13 6 5
15 8 6
17 18 8
26 14 16
14 5 7
5 6 1
6 8 2
8 18 9
14 7 16
5 1 7
6 2 1
8 9 2
18 19 9
16 7 10
7 1 3
1 2 0
2 9 4
19 20 9
7 3 10
1 0 3
2 4 0
9 11 4
20 11 9
44 34 46
34 26 36
26 16 28
16 10 21
44 46 55
34 36 46
26 28 36
16 21 28
55 46 57
46 36 48
36 28 38
28 21 29
55 57 67
46 48 57
36 38 48
28 29 38
67 57 69
57 48 59
48 38 50
38 29 39
67 69 78
57 59 69
48 50 59
38 39 50
78 69 80
69 59 71
59 50 61
50 39 51
78 80 88
69 71 80
59 61 71
50 51 61
88 80 89
80 71 81
71 61 72
61 51 62
80 90 89
80 81 90
71 72 81
61 62 72
