# x and y coordinates of node
8.67 0
8.66 0.63
7.98 0.53
9.33 0
8 0
8.62 1.26
7.92 1.05
9.33 0.73
7.23 0.84
7.31 0.43
10 0
7.34 0
8.55 2.12
7.82 1.72
9.31 1.46
7.1 1.32
10 0.83
6.37 0.93
6.54 0.64
6.64 0.33
6.67 0
11 0
8.45 3.47
7.68 2.71
9.27 2.52
6.9 1.94
10 1.67
6.13 1.18
11 1.25
12.5 0
7.83 4.29
7.33 3.58
9.23 4.24
6.83 2.86
10 2.92
6.33 2.15
11 2.5
5.83 1.44
12.5 1.25
14.5 0
6.67 5
6.42 4.32
8.33 5
6.17 3.64
10 5
5.92 2.97
11 3.75
5.68 2.29
12.5 2.5
5.43 1.61
14.5 1.25
17 0
5 5
5 4.33
5 3.67
11 5
5 3
12.5 3.75
5 2.34
14.5 2.5
5 1.67
17 1.25
20 0
3.33 5
3.58 4.32
3.83 3.64
4.08 2.97
12.5 5
4.32 2.29
14.5 3.75
4.57 1.61
17 2.5
20 1.25
1.67 5
2.17 4.29
2.67 3.58
3.17 2.86
3.67 2.15
14.5 5
4.17 1.44
17 3.75
20 2.5
0 5
0.76 4.24
1.53 3.47
2.29 2.71
3.06 1.94
3.82 1.18
17 5
20 5
20 3.75
0 2.92
0.72 2.52
1.44 2.12
2.17 1.72
2.89 1.32
3.61 0.93
0 1.67
0.69 1.46
1.38 1.26
2.08 1.05
2.77 0.84
3.46 0.64
0 0.83
0.67 0.73
1.35 0.63
2.02 0.53
2.7 0.43
3.37 0.33
0 0
0.67 0
1.33 0
2 0
2.66 0
3.33 0
