# node indices of element vertices
76 55 63
55 35 41
35 19 23
19 7 9
7 8 1
8 10 2
10 24 11
24 42 26
76 63 86
55 41 63
35 23 41
19 9 23
7 1 9
8 2 1
10 11 2
24 26 11
86 63 64
63 41 45
41 23 27
23 9 12
9 1 3
1 2 0
2 11 4
11 26 14
86 64 87
63 45 64
41 27 45
23 12 27
9 3 12
1 0 3
2 4 0
11 14 4
87 64 88
64 45 65
45 27 46
27 12 28
12 3 13
3 0 5
0 4 6
4 14 15
87 88 110
64 65 88
45 46 65
27 28 46
12 13 28
3 5 13
0 6 5
4 15 6
110 88 111
88 65 89
65 46 66
46 28 47
28 13 29
13 5 16
5 6 17
6 15 18
88 89 111
65 66 89
46 47 66
28 29 47
13 16 29
5 17 16
6 18 17
15 30 18
111 89 112
89 66 90
66 47 67
47 29 48
29 16 31
16 17 32
17 18 33
18 30 34
89 90 112
66 67 90
47 48 67
29 31 48
16 32 31
17 33 32
18 34 33
30 49 34
112 90 113
90 67 91
67 48 68
48 31 50
31 32 51
32 33 52
33 34 53
34 49 54
90 91 113
67 68 91
48 50 68
31 51 50
32 52 51
33 53 52
34 54 53
49 69 54
113 91 114
91 68 92
68 50 70
50 51 71
51 52 72
52 53 73
53 54 74
54 69 75
113 114 134
91 92 114
68 70 92
50 71 70
51 72 71
52 73 72
53 74 73
54 75 74
134 114 135
114 92 115
92 70 93
70 71 94
71 72 95
72 73 96
73 74 97
74 75 98
134 135 156
114 115 135
92 93 115
70 94 93
71 95 94
72 96 95
73 97 96
74 98 97
156 135 157
135 115 136
115 93 116
93 94 117
94 95 118
95 96 119
96 97 120
97 98 121
156 157 176
135 136 157
115 116 136
93 117 116
94 118 117
95 119 118
96 120 119
97 121 120
176 157 177
157 136 158
136 116 137
116 117 138
117 118 139
118 119 140
119 120 141
120 121 142
157 158 177
136 137 158
116 138 137
117 139 138
118 140 139
119 141 140
120 142 141
121 143 142
177 158 178
158 137 159
137 138 160
138 139 161
139 140 162
140 141 163
141 142 164
142 143 165
158 159 178
137 160 159
138 161 160
139 162 161
140 163 162
141 164 163
142 165 164
143 166 165
178 159 179
159 160 180
160 161 181
161 162 182
162 163 183
163 164 184
164 165 185
165 166 186
159 180 179
160 181 180
161 182 181
162 183 182
163 184 183
164 185 184
165 186 185
166 187 186
179 180 200
180 181 204
181 182 205
182 183 206
183 184 207
184 185 208
185 186 209
186 187 210
179 200 201
180 204 200
181 205 204
182 206 205
183 207 206
184 208 207
185 209 208
186 210 209
201 200 213
200 204 214
204 205 215
205 206 216
206 207 217
207 208 218
208 209 219
209 210 220
201 213 212
200 214 213
204 215 214
205 216 215
206 217 216
207 218 217
208 219 218
209 220 219
212 213 189
213 214 190
214 215 191
215 216 192
216 217 193
217 218 194
218 219 195
219 220 196
212 189 211
213 190 189
214 191 190
215 192 191
216 193 192
217 194 193
218 195 194
219 196 195
211 189 188
189 190 168
190 191 169
191 192 170
192 193 171
193 194 172
194 195 173
195 196 174
189 168 188
190 169 168
191 170 169
192 171 170
193 172 171
194 173 172
195 174 173
196 175 174
188 168 167
168 169 148
169 170 149
170 171 150
171 172 151
172 173 152
173 174 153
174 175 154
168 148 167
169 149 148
170 150 149
171 151 150
172 152 151
173 153 152
174 154 153
175 155 154
167 148 147
148 149 126
149 150 127
150 151 128
151 152 129
152 153 130
153 154 131
154 155 132
148 126 147
149 127 126
150 128 127
151 129 128
152 130 129
153 131 130
154 132 131
155 133 132
147 126 125
126 127 103
127 128 104
128 129 105
129 130 106
130 131 107
131 132 108
132 133 109
147 125 146
126 103 125
127 104 103
128 105 104
129 106 105
130 107 106
131 108 107
132 109 108
146 125 124
125 103 102
103 104 80
104 105 81
105 106 82
106 107 83
107 108 84
108 109 85
146 124 145
125 102 124
103 80 102
104 81 80
105 82 81
106 83 82
107 84 83
108 85 84
145 124 123
124 102 101
102 80 79
80 81 58
81 82 59
82 83 60
83 84 61
84 85 62
145 123 144
124 101 123
102 79 101
80 58 79
81 59 58
82 60 59
83 61 60
84 62 61
144 123 122
123 101 100
101 79 78
79 58 57
58 59 37
59 60 38
60 61 39
61 62 40
123 100 122
101 78 100
79 57 78
58 37 57
59 38 37
60 39 38
61 40 39
62 44 40
122 100 99
100 78 77
78 57 56
57 37 36
37 38 20
38 39 21
39 40 22
40 44 25
100 77 99
78 56 77
57 36 56
37 20 36
38 21 20
39 22 21
40 25 22
44 43 25
99 77 76
77 56 55
56 36 35
36 20 19
20 21 7
21 22 8
22 25 10
25 43 24
77 55 76
56 35 55
36 19 35
20 7 19
21 8 7
22 10 8
25 24 10
43 42 24
176 177 197
177 178 198
178 179 199
177 198 197
178 199 198
179 202 199
197 198 221
198 199 222
199 202 223
198 222 221
199 223 222
202 225 223
221 222 229
222 223 230
223 225 231
222 230 229
223 231 230
225 233 231
229 230 237
230 231 238
231 233 239
230 238 237
231 239 238
233 240 239
237 238 244
238 239 245
239 240 246
238 245 244
239 246 245
240 247 246
244 245 251
245 246 252
246 247 253
245 252 251
246 253 252
247 254 253
251 252 258
252 253 259
253 254 260
252 259 258
253 260 259
254 261 260
258 259 265
259 260 266
260 261 267
259 266 265
260 267 266
261 268 267
179 201 203
201 212 224
212 211 228
179 203 202
201 224 203
212 228 224
202 203 226
203 224 227
224 228 232
202 226 225
203 227 226
224 232 227
225 226 234
226 227 235
227 232 236
225 234 233
226 235 234
227 236 235
233 234 241
234 235 242
235 236 243
233 241 240
234 242 241
235 243 242
240 241 248
241 242 249
242 243 250
240 248 247
241 249 248
242 250 249
247 248 255
248 249 256
249 250 257
247 255 254
248 256 255
249 257 256
254 255 262
255 256 263
256 257 264
254 262 261
255 263 262
256 264 263
261 262 269
262 263 270
263 264 271
261 269 268
262 270 269
263 271 270
