# x and y coordinates of node
3.1005 6.20833
2.52125 5.78688
3.0255 5.61092
2.58375 6.5625
3.61725 5.85417
3.219 6.78025
3.7555 6.24362
2 5
2.5 5
2.017 5.96282
3 5
3.52975 5.43495
2.067 6.91667
2.6825 7.31687
4.134 5.5
4.292 5.707
3.4375 7.41625
3.79168 6.8995
4.14583 6.38275
1.5 5
2.017 4.03718
2.52125 4.21312
3.0255 4.38908
1.51275 6.1388
3.5 5
3.52975 4.56505
4.034 5.259
1.55025 7.27083
2.146 7.8535
3.08332 7.933
4.5 5.866
4.03718 7.983
4.21312 7.47875
4.38908 6.9745
4.56505 6.47025
1 5
1.51275 3.8612
2.067 3.08332
2.58375 3.4375
3.1005 3.79168
3.61725 4.14583
1.0085 6.31475
4 5
4.034 4.741
4.134 4.5
1.0335 7.625
1.6095 8.39012
2.72918 8.44975
3.8612 8.48725
4.741 5.966
5 8.5
5 8
5 7.5
5 7
5 6.5
0.5 5
1.0085 3.68525
1.55025 2.72918
2.1465 2.1465
2.68312 2.68312
3.21975 3.21975
3.75637 3.75637
4.293 4.293
0.50425 6.4907
0.51675 7.97917
1.073 8.92675
2.375 8.9665
3.68525 8.9915
5 9
5 6
6.1388 8.48725
5.96282 7.983
5.78688 7.47875
5.61092 6.9745
5.43495 6.47025
5.259 5.966
0 5
0.50425 3.5093
1.0335 2.375
1.60988 1.60988
2.72918 1.55025
3.08325 2.067
3.4375 2.58375
3.79168 3.1005
4.14583 3.61725
4.5 4.134
0 6.66667
0 8.33333
0.5365 9.46337
2.02083 9.48325
3.5093 9.49575
5 9.5
6.31475 8.9915
7.27083 8.44975
6.91667 7.933
6.5625 7.41625
6.20833 6.8995
5.85417 6.38275
5.5 5.866
0 3.33332
0.51675 2.02083
1.07325 1.07325
2.375 1.0335
3.68525 1.0085
3.8612 1.51275
4.03718 2.017
4.21312 2.52125
4.38908 3.0255
4.56505 3.52975
4.741 4.034
0 10
1.66667 10
3.33332 10
5 10
6.4907 9.49575
7.625 8.9665
8.39012 8.39012
7.8535 7.8535
7.31687 7.31687
6.78025 6.78025
6.24362 6.24362
5.707 5.707
0 1.66667
0.536625 0.536625
2.02083 0.51675
3.5093 0.50425
5 0.5
5 1
5 1.5
5 2
5 2.5
5 3
5 3.5
5 4
6.66667 10
7.97917 9.48325
8.92675 8.92675
8.9665 7.625
8.44975 7.27083
7.933 6.91667
7.41625 6.5625
6.8995 6.20833
6.38275 5.85417
5.866 5.5
0 0
1.66667 0
3.33332 0
5 0
6.4907 0.50425
6.31475 1.0085
6.1388 1.51275
5.96282 2.017
5.78688 2.52125
5.61092 3.0255
5.43495 3.52975
5.259 4.034
8.33333 10
9.46337 9.46337
9.48325 7.97917
9.49575 6.4907
8.9915 6.31475
8.48725 6.1388
7.983 5.96282
7.47875 5.78688
6.9745 5.61092
6.47025 5.43495
5.966 5.259
6.66667 0
7.97917 0.51675
7.625 1.0335
7.27083 1.55025
6.91667 2.067
6.5625 2.58375
6.20833 3.1005
5.85417 3.61725
5.5 4.134
10 10
10 8.33333
10 6.66667
10 5
9.5 5
9 5
8.5 5
8 5
7.5 5
7 5
6.5 5
6 5
8.33333 0
9.46337 0.536625
8.92675 1.07325
8.39012 1.60988
7.8535 2.1465
7.31687 2.68312
6.78025 3.21975
6.24362 3.75637
5.707 4.293
11.25 10
11.25 8.33333
11.25 6.66667
9.49575 3.5093
10 3.33332
11.25 5
11.25 3.33332
8.9915 3.68525
8.48725 3.8612
7.983 4.03718
7.47875 4.21312
6.9745 4.38908
6.47025 4.56505
5.966 4.741
10 0
10 1.66667
9.48325 2.02083
8.9665 2.375
8.44975 2.72918
7.933 3.08332
7.41625 3.4375
6.8995 3.79168
6.38275 4.14583
5.866 4.5
12.5 10
12.5 8.33333
12.5 6.66667
11.25 1.66667
12.5 5
12.5 3.33332
12.5 1.66667
11.25 0
13.75 10
13.75 8.33333
13.75 6.66667
12.5 0
13.75 5
13.75 3.33332
13.75 1.66667
13.75 0
15 10
15 8.33333
15 6.66667
15 5
15 3.33332
15 1.66667
15 0
16.25 10
16.25 8.33333
16.25 6.66667
16.25 5
16.25 3.33332
16.25 1.66667
16.25 0
17.5 10
17.5 8.33333
17.5 6.66667
17.5 5
17.5 3.33332
17.5 1.66667
17.5 0
18.75 10
18.75 8.33333
18.75 6.66667
18.75 5
18.75 3.33332
18.75 1.66667
18.75 0
20 10
20 8.33333
20 6.66667
20 5
20 3.33332
20 1.66667
20 0
