# column1 = node index of boundary point
# column2 = value of stream function
265 5
258 5
251 5
244 5
237 5
229 5
221 5
197 5
176 5
156 5
134 5
113 5
112 5
111 5
110 5
42 0
43 0
44 0
62 0
85 0
109 0
133 0
155 0
175 0
196 0
220 0
210 0
187 0
166 0
196 0
121 0
98 0
75 0
69 0
49 0
30 0
15 0
14 0
26 0
271 -5
264 -5
257 -5
250 -5
243 -5
236 -5
232 -5
228 -5
211 -5
188 -5
167 -5
147 -5
146 -5
145 -5
144 -5
87 3.33333
86 1.66667
76 0
99 -1.66667
122 -3.33333
